        #Time(ps)        Na              P               S               To
    0.0000    0.15296E-03    0.49058E-05    0.15049E-04    0.17292E-03
    0.2020    0.20730E-03    0.58619E-05    0.19189E-04    0.23235E-03
    0.4039    0.29069E-03    0.74147E-05    0.25558E-04    0.32366E-03
    0.6059    0.41160E-03    0.97985E-05    0.34871E-04    0.45627E-03
    0.8078    0.57400E-03    0.13200E-04    0.47529E-04    0.63473E-03
    1.0098    0.77664E-03    0.17742E-04    0.63529E-04    0.85791E-03
    1.2117    0.10162E-02    0.23646E-04    0.82781E-04    0.11226E-02
    1.4137    0.12906E-02    0.31580E-04    0.10562E-03    0.14278E-02
    1.6156    0.16024E-02    0.43027E-04    0.13332E-03    0.17787E-02
    1.8176    0.19650E-02    0.60392E-04    0.16859E-03    0.21940E-02
    2.0195    0.24012E-02    0.86424E-04    0.21520E-03    0.27029E-02
    2.2215    0.29258E-02    0.12268E-03    0.27578E-03    0.33243E-02
    2.4234    0.35237E-02    0.16766E-03    0.34891E-03    0.40402E-02
    2.6254    0.41445E-02    0.21581E-03    0.42742E-03    0.47878E-02
    2.8273    0.47132E-02    0.25842E-03    0.49940E-03    0.54711E-02
    3.0293    0.51486E-02    0.28692E-03    0.55217E-03    0.59877E-02
    3.2313    0.53957E-02    0.29752E-03    0.57892E-03    0.62721E-02
    3.4332    0.54629E-02    0.29384E-03    0.58353E-03    0.63402E-02
    3.6352    0.54297E-02    0.28465E-03    0.57886E-03    0.62933E-02
    3.8371    0.54049E-02    0.27852E-03    0.57917E-03    0.62626E-02
    4.0391    0.54585E-02    0.28003E-03    0.59278E-03    0.63313E-02
    4.2410    0.55879E-02    0.28933E-03    0.62009E-03    0.64973E-02
    4.4430    0.57442E-02    0.30419E-03    0.65689E-03    0.67053E-02
    4.6449    0.58897E-02    0.32293E-03    0.69915E-03    0.69117E-02
    4.8469    0.60256E-02    0.34659E-03    0.74603E-03    0.71183E-02
    5.0488    0.61765E-02    0.37857E-03    0.80003E-03    0.73551E-02
    5.2508    0.63593E-02    0.42227E-03    0.86519E-03    0.76467E-02
    5.4527    0.65753E-02    0.47899E-03    0.94540E-03    0.79997E-02
    5.6547    0.68296E-02    0.54857E-03    0.10448E-02    0.84230E-02
    5.8566    0.71462E-02    0.63172E-03    0.11685E-02    0.89464E-02
    6.0586    0.75520E-02    0.73050E-03    0.13191E-02    0.96015E-02
    6.2605    0.80452E-02    0.84537E-03    0.14912E-02    0.10382E-01
    6.4625    0.85856E-02    0.97187E-03    0.16703E-02    0.11228E-01
    6.6645    0.91174E-02    0.10995E-02    0.18389E-02    0.12056E-01
    6.8664    0.95999E-02    0.12145E-02    0.19832E-02    0.12798E-01
    7.0684    0.10022E-01    0.13066E-02    0.20980E-02    0.13426E-01
    7.2703    0.10389E-01    0.13771E-02    0.21887E-02    0.13955E-01
    7.4723    0.10703E-01    0.14390E-02    0.22690E-02    0.14411E-01
    7.6742    0.10963E-01    0.15081E-02    0.23544E-02    0.14825E-01
    7.8762    0.11185E-01    0.15931E-02    0.24547E-02    0.15233E-01
    8.0781    0.11398E-01    0.16923E-02    0.25696E-02    0.15660E-01
    8.2801    0.11605E-01    0.17990E-02    0.26907E-02    0.16095E-01
    8.4820    0.11777E-01    0.19092E-02    0.28096E-02    0.16496E-01
    8.6840    0.11900E-01    0.20237E-02    0.29257E-02    0.16849E-01
    8.8859    0.12006E-01    0.21432E-02    0.30427E-02    0.17192E-01
    9.0879    0.12144E-01    0.22619E-02    0.31603E-02    0.17566E-01
    9.2898    0.12308E-01    0.23676E-02    0.32689E-02    0.17944E-01
    9.4918    0.12426E-01    0.24466E-02    0.33524E-02    0.18225E-01
    9.6938    0.12415E-01    0.24861E-02    0.33938E-02    0.18295E-01
    9.8957    0.12253E-01    0.24764E-02    0.33842E-02    0.18114E-01
   10.0977    0.11991E-01    0.24163E-02    0.33289E-02    0.17736E-01
   10.2996    0.11701E-01    0.23136E-02    0.32430E-02    0.17258E-01
   10.5016    0.11430E-01    0.21819E-02    0.31403E-02    0.16753E-01
   10.7035    0.11195E-01    0.20365E-02    0.30318E-02    0.16263E-01
   10.9055    0.11009E-01    0.18960E-02    0.29338E-02    0.15839E-01
   11.1074    0.10897E-01    0.17810E-02    0.28693E-02    0.15547E-01
   11.3094    0.10863E-01    0.17059E-02    0.28523E-02    0.15422E-01
   11.5113    0.10899E-01    0.16703E-02    0.28744E-02    0.15444E-01
   11.7133    0.11000E-01    0.16608E-02    0.29137E-02    0.15574E-01
   11.9152    0.11178E-01    0.16612E-02    0.29529E-02    0.15792E-01
   12.1172    0.11434E-01    0.16564E-02    0.29820E-02    0.16072E-01
   12.3191    0.11713E-01    0.16337E-02    0.29909E-02    0.16337E-01
   12.5211    0.11930E-01    0.15869E-02    0.29708E-02    0.16487E-01
   12.7230    0.12029E-01    0.15217E-02    0.29268E-02    0.16477E-01
   12.9250    0.12029E-01    0.14529E-02    0.28781E-02    0.16360E-01
   13.1270    0.12006E-01    0.13931E-02    0.28425E-02    0.16242E-01
   13.3289    0.12047E-01    0.13459E-02    0.28239E-02    0.16217E-01
   13.5309    0.12218E-01    0.13087E-02    0.28152E-02    0.16342E-01
   13.7328    0.12546E-01    0.12779E-02    0.28099E-02    0.16634E-01
   13.9348    0.13014E-01    0.12501E-02    0.28098E-02    0.17074E-01
   14.1367    0.13568E-01    0.12219E-02    0.28239E-02    0.17614E-01
   14.3387    0.14131E-01    0.11916E-02    0.28590E-02    0.18182E-01
   14.5406    0.14619E-01    0.11611E-02    0.29104E-02    0.18691E-01
   14.7426    0.14958E-01    0.11327E-02    0.29603E-02    0.19051E-01
   14.9445    0.15112E-01    0.11063E-02    0.29871E-02    0.19205E-01
   15.1465    0.15122E-01    0.10787E-02    0.29739E-02    0.19175E-01
   15.3484    0.15086E-01    0.10477E-02    0.29157E-02    0.19049E-01
   15.5504    0.15096E-01    0.10153E-02    0.28223E-02    0.18933E-01
   15.7523    0.15185E-01    0.98390E-03    0.27150E-02    0.18884E-01
   15.9543    0.15339E-01    0.95214E-03    0.26142E-02    0.18905E-01
   16.1562    0.15543E-01    0.91498E-03    0.25286E-02    0.18987E-01
   16.3582    0.15806E-01    0.87057E-03    0.24552E-02    0.19132E-01
   16.5602    0.16139E-01    0.82409E-03    0.23870E-02    0.19350E-01
   16.7621    0.16529E-01    0.78421E-03    0.23220E-02    0.19635E-01
   16.9641    0.16931E-01    0.75623E-03    0.22645E-02    0.19952E-01
   17.1660    0.17282E-01    0.73858E-03    0.22190E-02    0.20239E-01
   17.3680    0.17512E-01    0.72487E-03    0.21832E-02    0.20420E-01
   17.5699    0.17593E-01    0.70930E-03    0.21515E-02    0.20454E-01
   17.7719    0.17574E-01    0.69172E-03    0.21256E-02    0.20391E-01
   17.9738    0.17571E-01    0.67740E-03    0.21151E-02    0.20363E-01
   18.1758    0.17689E-01    0.67086E-03    0.21260E-02    0.20486E-01
   18.3777    0.17938E-01    0.67030E-03    0.21508E-02    0.20759E-01
   18.5797    0.18211E-01    0.66902E-03    0.21716E-02    0.21052E-01
   18.7816    0.18360E-01    0.66165E-03    0.21742E-02    0.21196E-01
   18.9836    0.18306E-01    0.64830E-03    0.21591E-02    0.21113E-01
   19.1855    0.18091E-01    0.63320E-03    0.21383E-02    0.20863E-01
   19.3875    0.17811E-01    0.62039E-03    0.21231E-02    0.20555E-01
   19.5895    0.17505E-01    0.61090E-03    0.21138E-02    0.20230E-01
   19.7914    0.17136E-01    0.60333E-03    0.21013E-02    0.19841E-01
   19.9934    0.16670E-01    0.59545E-03    0.20766E-02    0.19342E-01
   20.1953    0.16135E-01    0.58480E-03    0.20379E-02    0.18758E-01
   20.3973    0.15597E-01    0.56947E-03    0.19895E-02    0.18156E-01
   20.5992    0.15100E-01    0.54987E-03    0.19386E-02    0.17588E-01
   20.8012    0.14647E-01    0.52915E-03    0.18925E-02    0.17069E-01
   21.0031    0.14220E-01    0.51055E-03    0.18554E-02    0.16586E-01
   21.2051    0.13795E-01    0.49461E-03    0.18235E-02    0.16113E-01
   21.4070    0.13344E-01    0.47954E-03    0.17864E-02    0.15610E-01
   21.6090    0.12865E-01    0.46458E-03    0.17370E-02    0.15066E-01
   21.8109    0.12387E-01    0.45200E-03    0.16825E-02    0.14521E-01
   22.0129    0.11967E-01    0.44512E-03    0.16399E-02    0.14052E-01
   22.2148    0.11653E-01    0.44488E-03    0.16207E-02    0.13719E-01
   22.4168    0.11440E-01    0.44852E-03    0.16203E-02    0.13509E-01
   22.6188    0.11260E-01    0.45146E-03    0.16207E-02    0.13332E-01
   22.8207    0.11026E-01    0.45015E-03    0.16055E-02    0.13082E-01
   23.0227    0.10705E-01    0.44405E-03    0.15722E-02    0.12721E-01
   23.2246    0.10340E-01    0.43564E-03    0.15335E-02    0.12309E-01
   23.4266    0.10002E-01    0.42817E-03    0.15058E-02    0.11936E-01
   23.6285    0.97220E-02    0.42273E-03    0.14966E-02    0.11641E-01
   23.8305    0.94682E-02    0.41759E-03    0.15017E-02    0.11387E-01
   24.0324    0.91987E-02    0.41060E-03    0.15124E-02    0.11122E-01
   24.2344    0.89064E-02    0.40172E-03    0.15231E-02    0.10831E-01
   24.4363    0.86108E-02    0.39256E-03    0.15322E-02    0.10536E-01
   24.6383    0.83165E-02    0.38425E-03    0.15413E-02    0.10242E-01
   24.8402    0.79996E-02    0.37622E-03    0.15555E-02    0.99313E-02
   25.0422    0.76386E-02    0.36705E-03    0.15821E-02    0.95878E-02
   25.2441    0.72447E-02    0.35586E-03    0.16270E-02    0.92276E-02
   25.4461    0.68503E-02    0.34274E-03    0.16888E-02    0.88818E-02
   25.6480    0.64756E-02    0.32858E-03    0.17591E-02    0.85632E-02
   25.8500    0.61233E-02    0.31466E-03    0.18286E-02    0.82666E-02
   26.0520    0.58023E-02    0.30226E-03    0.18952E-02    0.79998E-02
   26.2539    0.55363E-02    0.29226E-03    0.19651E-02    0.77936E-02
   26.4559    0.53453E-02    0.28508E-03    0.20455E-02    0.76760E-02
   26.6578    0.52245E-02    0.28075E-03    0.21371E-02    0.76423E-02
   26.8598    0.51438E-02    0.27870E-03    0.22320E-02    0.76545E-02
   27.0617    0.50674E-02    0.27757E-03    0.23181E-02    0.76631E-02
   27.2637    0.49729E-02    0.27586E-03    0.23838E-02    0.76326E-02
   27.4656    0.48587E-02    0.27286E-03    0.24214E-02    0.75530E-02
   27.6676    0.47372E-02    0.26878E-03    0.24303E-02    0.74363E-02
   27.8695    0.46244E-02    0.26424E-03    0.24137E-02    0.73024E-02
   28.0715    0.45315E-02    0.25997E-03    0.23740E-02    0.71655E-02
   28.2734    0.44599E-02    0.25692E-03    0.23112E-02    0.70281E-02
   28.4754    0.44008E-02    0.25624E-03    0.22269E-02    0.68839E-02
   28.6773    0.43381E-02    0.25863E-03    0.21273E-02    0.67241E-02
   28.8793    0.42550E-02    0.26384E-03    0.20221E-02    0.65409E-02
   29.0813    0.41391E-02    0.27095E-03    0.19204E-02    0.63304E-02
   29.2832    0.39889E-02    0.27917E-03    0.18275E-02    0.60956E-02
   29.4852    0.38152E-02    0.28822E-03    0.17432E-02    0.58465E-02
   29.6871    0.36352E-02    0.29820E-03    0.16628E-02    0.55962E-02
   29.8891    0.34637E-02    0.30928E-03    0.15829E-02    0.53559E-02
   30.0910    0.33080E-02    0.32133E-03    0.15046E-02    0.51339E-02
   30.2930    0.31687E-02    0.33407E-03    0.14337E-02    0.49364E-02
   30.4949    0.30425E-02    0.34798E-03    0.13764E-02    0.47669E-02
   30.6969    0.29222E-02    0.36472E-03    0.13360E-02    0.46229E-02
   30.8988    0.27971E-02    0.38618E-03    0.13103E-02    0.44937E-02
   31.1008    0.26591E-02    0.41277E-03    0.12947E-02    0.43666E-02
   31.3027    0.25097E-02    0.44368E-03    0.12874E-02    0.42407E-02
   31.5047    0.23611E-02    0.47899E-03    0.12944E-02    0.41344E-02
   31.7066    0.22279E-02    0.52125E-03    0.13277E-02    0.40768E-02
   31.9086    0.21172E-02    0.57470E-03    0.13977E-02    0.40895E-02
   32.1105    0.20257E-02    0.64331E-03    0.15088E-02    0.41778E-02
   32.3125    0.19433E-02    0.72970E-03    0.16614E-02    0.43345E-02
   32.5145    0.18600E-02    0.83577E-03    0.18564E-02    0.45522E-02
   32.7164    0.17724E-02    0.96522E-03    0.21011E-02    0.48388E-02
   32.9184    0.16865E-02    0.11261E-02    0.24131E-02    0.52256E-02
   33.1203    0.16131E-02    0.13290E-02    0.28146E-02    0.57567E-02
   33.3223    0.15596E-02    0.15801E-02    0.33180E-02    0.64578E-02
   33.5242    0.15258E-02    0.18736E-02    0.39109E-02    0.73103E-02
   33.7262    0.15081E-02    0.21910E-02    0.45558E-02    0.82548E-02
   33.9281    0.15061E-02    0.25069E-02    0.52005E-02    0.92135E-02
   34.1301    0.15215E-02    0.27929E-02    0.57832E-02    0.10097E-01
   34.3320    0.15516E-02    0.30141E-02    0.62292E-02    0.10795E-01
   34.5340    0.15863E-02    0.31301E-02    0.64580E-02    0.11174E-01
   34.7359    0.16136E-02    0.31077E-02    0.64116E-02    0.11133E-01
   34.9379    0.16259E-02    0.29403E-02    0.60872E-02    0.10653E-01
   35.1398    0.16209E-02    0.26565E-02    0.55438E-02    0.98213E-02
   35.3418    0.15982E-02    0.23073E-02    0.48770E-02    0.87826E-02
   35.5438    0.15565E-02    0.19438E-02    0.41790E-02    0.76792E-02
   35.7457    0.14949E-02    0.16002E-02    0.35112E-02    0.66062E-02
   35.9477    0.14150E-02    0.12928E-02    0.29034E-02    0.56113E-02
   36.1496    0.13227E-02    0.10282E-02    0.23694E-02    0.47204E-02
   36.3516    0.12271E-02    0.80992E-03    0.19194E-02    0.39564E-02
   36.5535    0.11383E-02    0.63892E-03    0.15591E-02    0.33363E-02
   36.7555    0.10639E-02    0.51157E-03    0.12844E-02    0.28598E-02
   36.9574    0.10056E-02    0.41940E-03    0.10805E-02    0.25056E-02
   37.1594    0.96032E-03    0.35178E-03    0.92755E-03    0.22397E-02
   37.3613    0.92256E-03    0.29966E-03    0.80823E-03    0.20304E-02
   37.5633    0.88912E-03    0.25792E-03    0.71240E-03    0.18595E-02
   37.7652    0.85890E-03    0.22464E-03    0.63536E-03    0.17189E-02
   37.9672    0.82983E-03    0.19835E-03    0.57293E-03    0.16011E-02
   38.1691    0.79820E-03    0.17672E-03    0.51954E-03    0.14945E-02
   38.3711    0.76210E-03    0.15748E-03    0.47073E-03    0.13903E-02
   38.5730    0.72386E-03    0.13987E-03    0.42577E-03    0.12895E-02
   38.7750    0.68795E-03    0.12456E-03    0.38654E-03    0.11991E-02
   38.9770    0.65699E-03    0.11232E-03    0.35412E-03    0.11234E-02
   39.1789    0.63064E-03    0.10291E-03    0.32726E-03    0.10608E-02
   39.3809    0.60736E-03    0.95409E-04    0.30383E-03    0.10066E-02
   39.5828    0.58613E-03    0.89063E-04    0.28263E-03    0.95782E-03
   39.7848    0.56669E-03    0.83708E-04    0.26367E-03    0.91407E-03
   39.9867    0.54904E-03    0.79519E-04    0.24732E-03    0.87588E-03
   40.1887    0.53304E-03    0.76541E-04    0.23363E-03    0.84322E-03
   40.3906    0.51788E-03    0.74473E-04    0.22234E-03    0.81470E-03
   40.5926    0.50230E-03    0.72783E-04    0.21296E-03    0.78804E-03
   40.7945    0.48553E-03    0.70985E-04    0.20481E-03    0.76133E-03
   40.9965    0.46785E-03    0.68849E-04    0.19706E-03    0.73376E-03
   41.1984    0.45001E-03    0.66477E-04    0.18883E-03    0.70531E-03
   41.4004    0.43259E-03    0.64204E-04    0.17980E-03    0.67659E-03
   41.6023    0.41610E-03    0.62321E-04    0.17061E-03    0.64904E-03
   41.8043    0.40102E-03    0.60813E-04    0.16245E-03    0.62428E-03
   42.0063    0.38749E-03    0.59413E-04    0.15615E-03    0.60305E-03
   42.2082    0.37542E-03    0.57929E-04    0.15159E-03    0.58495E-03
   42.4102    0.36461E-03    0.56467E-04    0.14806E-03    0.56914E-03
   42.6121    0.35462E-03    0.55279E-04    0.14486E-03    0.55476E-03
   42.8141    0.34477E-03    0.54463E-04    0.14171E-03    0.54094E-03
   43.0160    0.33448E-03    0.53880E-04    0.13854E-03    0.52690E-03
   43.2180    0.32339E-03    0.53307E-04    0.13525E-03    0.51195E-03
   43.4199    0.31145E-03    0.52595E-04    0.13172E-03    0.49577E-03
   43.6219    0.29911E-03    0.51723E-04    0.12806E-03    0.47889E-03
   43.8238    0.28739E-03    0.50828E-04    0.12467E-03    0.46288E-03
   44.0258    0.27732E-03    0.50125E-04    0.12189E-03    0.44934E-03
   44.2277    0.26901E-03    0.49691E-04    0.11969E-03    0.43840E-03
   44.4297    0.26152E-03    0.49371E-04    0.11782E-03    0.42871E-03
   44.6316    0.25368E-03    0.48983E-04    0.11618E-03    0.41884E-03
   44.8336    0.24498E-03    0.48521E-04    0.11488E-03    0.40838E-03
   45.0355    0.23576E-03    0.48107E-04    0.11408E-03    0.39794E-03
   45.2375    0.22687E-03    0.47842E-04    0.11395E-03    0.38867E-03
   45.4395    0.21916E-03    0.47774E-04    0.11473E-03    0.38167E-03
   45.6414    0.21292E-03    0.47948E-04    0.11660E-03    0.37747E-03
   45.8434    0.20779E-03    0.48418E-04    0.11948E-03    0.37569E-03
   46.0453    0.20324E-03    0.49202E-04    0.12312E-03    0.37557E-03
   46.2473    0.19902E-03    0.50272E-04    0.12738E-03    0.37667E-03
   46.4492    0.19520E-03    0.51577E-04    0.13249E-03    0.37928E-03
   46.6512    0.19186E-03    0.53069E-04    0.13908E-03    0.38401E-03
   46.8531    0.18881E-03    0.54654E-04    0.14786E-03    0.39132E-03
   47.0551    0.18574E-03    0.56121E-04    0.15933E-03    0.40119E-03
   47.2570    0.18233E-03    0.57185E-04    0.17392E-03    0.41343E-03
   47.4590    0.17832E-03    0.57677E-04    0.19249E-03    0.42849E-03
   47.6609    0.17356E-03    0.57658E-04    0.21705E-03    0.44827E-03
   47.8629    0.16801E-03    0.57310E-04    0.25091E-03    0.47624E-03
   48.0648    0.16195E-03    0.56798E-04    0.29823E-03    0.51699E-03
   48.2668    0.15603E-03    0.56306E-04    0.36325E-03    0.57558E-03
   48.4688    0.15100E-03    0.56127E-04    0.45085E-03    0.65798E-03
   48.6707    0.14722E-03    0.56548E-04    0.57007E-03    0.77384E-03
   48.8727    0.14449E-03    0.57670E-04    0.73913E-03    0.94129E-03
   49.0746    0.14245E-03    0.59353E-04    0.98546E-03    0.11873E-02
   49.2766    0.14111E-03    0.61282E-04    0.13329E-02    0.15353E-02
   49.4785    0.14068E-03    0.63032E-04    0.17786E-02    0.19823E-02
   49.6805    0.14102E-03    0.64255E-04    0.22762E-02    0.24815E-02
   49.8824    0.14155E-03    0.64953E-04    0.27414E-02    0.29479E-02
   50.0844    0.14153E-03    0.65508E-04    0.30755E-02    0.32825E-02
   50.2863    0.14053E-03    0.66334E-04    0.31953E-02    0.34022E-02
   50.4883    0.13831E-03    0.67461E-04    0.30609E-02    0.32666E-02
   50.6902    0.13480E-03    0.68508E-04    0.26962E-02    0.28996E-02
   50.8922    0.13009E-03    0.69030E-04    0.21881E-02    0.23872E-02
   51.0941    0.12458E-03    0.68934E-04    0.16520E-02    0.18455E-02
   51.2961    0.11892E-03    0.68573E-04    0.11846E-02    0.13721E-02
   51.4981    0.11366E-03    0.68419E-04    0.83293E-03    0.10150E-02
   51.7000    0.10910E-03    0.68672E-04    0.59496E-03    0.77273E-03
   51.9020    0.10533E-03    0.69214E-04    0.44233E-03    0.61687E-03
   52.1039    0.10243E-03    0.69898E-04    0.34393E-03    0.51626E-03
   52.3059    0.10035E-03    0.70769E-04    0.27720E-03    0.44831E-03
   52.5078    0.98734E-04    0.71938E-04    0.22905E-03    0.39973E-03
   52.7098    0.97121E-04    0.73290E-04    0.19297E-03    0.36338E-03
   52.9117    0.95245E-04    0.74463E-04    0.16573E-03    0.33544E-03
   53.1137    0.93174E-04    0.75198E-04    0.14512E-03    0.31350E-03
   53.3156    0.91002E-04    0.75632E-04    0.12918E-03    0.29581E-03
   53.5176    0.88595E-04    0.76132E-04    0.11624E-03    0.28097E-03
   53.7195    0.85808E-04    0.76887E-04    0.10525E-03    0.26794E-03
   53.9215    0.82830E-04    0.77806E-04    0.95603E-04    0.25624E-03
   54.1234    0.80100E-04    0.78774E-04    0.86989E-04    0.24586E-03
   54.3254    0.77924E-04    0.79864E-04    0.79288E-04    0.23708E-03
   54.5273    0.76280E-04    0.81228E-04    0.72590E-04    0.23010E-03
   54.7293    0.74932E-04    0.82818E-04    0.67090E-04    0.22484E-03
   54.9313    0.73599E-04    0.84369E-04    0.62857E-04    0.22083E-03
   55.1332    0.72101E-04    0.85738E-04    0.59715E-04    0.21755E-03
   55.3352    0.70463E-04    0.87194E-04    0.57346E-04    0.21500E-03
   55.5371    0.68850E-04    0.89139E-04    0.55484E-04    0.21347E-03
   55.7391    0.67345E-04    0.91488E-04    0.53991E-04    0.21282E-03
   55.9410    0.65809E-04    0.93569E-04    0.52788E-04    0.21217E-03
   56.1430    0.64036E-04    0.94837E-04    0.51743E-04    0.21062E-03
   56.3449    0.62011E-04    0.95545E-04    0.50659E-04    0.20821E-03
   56.5469    0.59989E-04    0.96557E-04    0.49391E-04    0.20594E-03
   56.7488    0.58306E-04    0.98634E-04    0.48008E-04    0.20495E-03
   56.9508    0.57135E-04    0.10203E-03    0.46754E-04    0.20591E-03
   57.1527    0.56385E-04    0.10662E-03    0.45836E-04    0.20884E-03
   57.3547    0.55778E-04    0.11222E-03    0.45276E-04    0.21327E-03
   57.5566    0.54999E-04    0.11856E-03    0.44963E-04    0.21852E-03
   57.7586    0.53857E-04    0.12511E-03    0.44799E-04    0.22376E-03
   57.9605    0.52380E-04    0.13128E-03    0.44765E-04    0.22842E-03
   58.1625    0.50749E-04    0.13686E-03    0.44880E-04    0.23249E-03
   58.3645    0.49131E-04    0.14230E-03    0.45123E-04    0.23656E-03
   58.5664    0.47561E-04    0.14824E-03    0.45407E-04    0.24121E-03
   58.7684    0.46000E-04    0.15510E-03    0.45641E-04    0.24674E-03
   58.9703    0.44483E-04    0.16333E-03    0.45837E-04    0.25365E-03
   59.1723    0.43149E-04    0.17375E-03    0.46163E-04    0.26306E-03
   59.3742    0.42116E-04    0.18694E-03    0.46819E-04    0.27588E-03
   59.5762    0.41356E-04    0.20226E-03    0.47850E-04    0.29147E-03
   59.7781    0.40737E-04    0.21795E-03    0.49115E-04    0.30780E-03
   59.9801    0.40160E-04    0.23256E-03    0.50448E-04    0.32317E-03
   60.1820    0.39616E-04    0.24625E-03    0.51824E-04    0.33769E-03
   60.3840    0.39152E-04    0.26039E-03    0.53346E-04    0.35288E-03
   60.5859    0.38802E-04    0.27660E-03    0.55153E-04    0.37056E-03
   60.7879    0.38543E-04    0.29646E-03    0.57405E-04    0.39241E-03
   60.9898    0.38296E-04    0.32164E-03    0.60327E-04    0.42027E-03
   61.1918    0.37972E-04    0.35366E-03    0.64176E-04    0.45581E-03
   61.3938    0.37558E-04    0.39377E-03    0.69194E-04    0.50052E-03
   61.5957    0.37199E-04    0.44394E-03    0.75667E-04    0.55681E-03
   61.7977    0.37182E-04    0.50787E-03    0.84009E-04    0.62906E-03
   61.9996    0.37727E-04    0.58995E-03    0.94682E-04    0.72236E-03
   62.2016    0.38777E-04    0.69287E-03    0.10798E-03    0.83963E-03
   62.4035    0.40003E-04    0.81620E-03    0.12392E-03    0.98013E-03
   62.6055    0.41054E-04    0.95833E-03    0.14240E-03    0.11418E-02
   62.8074    0.41777E-04    0.11208E-02    0.16365E-03    0.13262E-02
   63.0094    0.42246E-04    0.13108E-02    0.18844E-03    0.15415E-02
   63.2113    0.42670E-04    0.15374E-02    0.21780E-03    0.17979E-02
   63.4133    0.43344E-04    0.18069E-02    0.25255E-03    0.21028E-02
   63.6152    0.44612E-04    0.21238E-02    0.29356E-03    0.24620E-02
   63.8172    0.46699E-04    0.24964E-02    0.34231E-03    0.28854E-02
   64.0191    0.49503E-04    0.29350E-02    0.40057E-03    0.33850E-02
   64.2211    0.52650E-04    0.34478E-02    0.46972E-03    0.39701E-02
   64.4230    0.55833E-04    0.40440E-02    0.55095E-03    0.46507E-02
   64.6250    0.59057E-04    0.47367E-02    0.64558E-03    0.54414E-02
   64.8270    0.62543E-04    0.55327E-02    0.75388E-03    0.63491E-02
   65.0289    0.66475E-04    0.64156E-02    0.87346E-03    0.73555E-02
   65.2309    0.70837E-04    0.73400E-02    0.99858E-03    0.84094E-02
   65.4328    0.75310E-04    0.82285E-02    0.11192E-02    0.94230E-02
   65.6348    0.79332E-04    0.89758E-02    0.12209E-02    0.10276E-01
   65.8367    0.82454E-04    0.94925E-02    0.12913E-02    0.10866E-01
   66.0387    0.84759E-04    0.97718E-02    0.13290E-02    0.11186E-01
   66.2406    0.86775E-04    0.98972E-02    0.13455E-02    0.11329E-01
   66.4426    0.88874E-04    0.99632E-02    0.13536E-02    0.11406E-01
   66.6445    0.90817E-04    0.99993E-02    0.13576E-02    0.11448E-01
   66.8465    0.91901E-04    0.99707E-02    0.13537E-02    0.11416E-01
   67.0484    0.91425E-04    0.98210E-02    0.13346E-02    0.11247E-01
   67.2504    0.89033E-04    0.94992E-02    0.12937E-02    0.10882E-01
   67.4523    0.84802E-04    0.89726E-02    0.12259E-02    0.10283E-01
   67.6543    0.79155E-04    0.82461E-02    0.11308E-02    0.94561E-02
   67.8563    0.72681E-04    0.73744E-02    0.10153E-02    0.84624E-02
   68.0582    0.65888E-04    0.64416E-02    0.89060E-03    0.73981E-02
   68.2602    0.59033E-04    0.55215E-02    0.76706E-03    0.63476E-02
   68.4621    0.52203E-04    0.46567E-02    0.65053E-03    0.53595E-02
   68.6641    0.45550E-04    0.38712E-02    0.54410E-03    0.44609E-02
   68.8660    0.39407E-04    0.31867E-02    0.45064E-03    0.36768E-02
   69.0680    0.34113E-04    0.26196E-02    0.37249E-03    0.30262E-02
   69.2699    0.29800E-04    0.21680E-02    0.30967E-03    0.25075E-02
   69.4719    0.26373E-04    0.18113E-02    0.25974E-03    0.20974E-02
   69.6738    0.23633E-04    0.15222E-02    0.21923E-03    0.17651E-02
   69.8758    0.21395E-04    0.12783E-02    0.18516E-03    0.14848E-02
   70.0777    0.19535E-04    0.10669E-02    0.15574E-03    0.12422E-02
   70.2797    0.17977E-04    0.88517E-03    0.13045E-03    0.10336E-02
   70.4816    0.16659E-04    0.73419E-03    0.10937E-03    0.86022E-03
   70.6836    0.15527E-04    0.61354E-03    0.92473E-04    0.72154E-03
   70.8856    0.14552E-04    0.51931E-03    0.79290E-04    0.61315E-03
   71.0875    0.13730E-04    0.44579E-03    0.69075E-04    0.52859E-03
   71.2895    0.13046E-04    0.38740E-03    0.61003E-04    0.46145E-03
   71.4914    0.12458E-04    0.33996E-03    0.54396E-04    0.40681E-03
   71.6934    0.11922E-04    0.30089E-03    0.48860E-04    0.36167E-03
   71.8953    0.11430E-04    0.26848E-03    0.44220E-04    0.32413E-03
   72.0973    0.10988E-04    0.24112E-03    0.40351E-04    0.29246E-03
   72.2992    0.10601E-04    0.21742E-03    0.37094E-04    0.26511E-03
   72.5012    0.10272E-04    0.19681E-03    0.34309E-04    0.24139E-03
   72.7031    0.10003E-04    0.17941E-03    0.31932E-04    0.22135E-03
   72.9051    0.97814E-05    0.16540E-03    0.29957E-04    0.20513E-03
   73.1070    0.95746E-05    0.15444E-03    0.28363E-04    0.19237E-03
   73.3090    0.93479E-05    0.14595E-03    0.27099E-04    0.18240E-03
   73.5109    0.90970E-05    0.13950E-03    0.26107E-04    0.17470E-03
   73.7129    0.88431E-05    0.13474E-03    0.25342E-04    0.16892E-03
   73.9148    0.86041E-05    0.13107E-03    0.24728E-04    0.16440E-03
   74.1168    0.83874E-05    0.12749E-03    0.24128E-04    0.16001E-03
   74.3188    0.82012E-05    0.12303E-03    0.23374E-04    0.15461E-03
   74.5207    0.80527E-05    0.11720E-03    0.22359E-04    0.14761E-03
   74.7227    0.79340E-05    0.11024E-03    0.21108E-04    0.13928E-03
   74.9246    0.78257E-05    0.10294E-03    0.19782E-04    0.13055E-03
   75.1266    0.77158E-05    0.96231E-04    0.18587E-04    0.12253E-03
   75.3285    0.76045E-05    0.90575E-04    0.17644E-04    0.11582E-03
   75.5305    0.74921E-05    0.85912E-04    0.16936E-04    0.11034E-03
   75.7324    0.73693E-05    0.82013E-04    0.16367E-04    0.10575E-03
   75.9344    0.72264E-05    0.78831E-04    0.15875E-04    0.10193E-03
   76.1363    0.70651E-05    0.76378E-04    0.15456E-04    0.98899E-04
   76.3383    0.68972E-05    0.74417E-04    0.15111E-04    0.96425E-04
   76.5402    0.67329E-05    0.72494E-04    0.14805E-04    0.94032E-04
   76.7422    0.65749E-05    0.70310E-04    0.14491E-04    0.91376E-04
   76.9441    0.64232E-05    0.67910E-04    0.14143E-04    0.88476E-04
   77.1461    0.62801E-05    0.65452E-04    0.13751E-04    0.85483E-04
   77.3481    0.61486E-05    0.62971E-04    0.13315E-04    0.82435E-04
   77.5500    0.60305E-05    0.60539E-04    0.12860E-04    0.79429E-04
   77.7520    0.59257E-05    0.58447E-04    0.12448E-04    0.76821E-04
   77.9539    0.58325E-05    0.56992E-04    0.12140E-04    0.74964E-04
   78.1559    0.57465E-05    0.56105E-04    0.11939E-04    0.73791E-04
   78.3578    0.56624E-05    0.55357E-04    0.11789E-04    0.72808E-04
   78.5598    0.55754E-05    0.54324E-04    0.11619E-04    0.71518E-04
   78.7617    0.54820E-05    0.52920E-04    0.11392E-04    0.69794E-04
   78.9637    0.53809E-05    0.51456E-04    0.11129E-04    0.67966E-04
   79.1656    0.52766E-05    0.50399E-04    0.10903E-04    0.66579E-04
   79.3676    0.51784E-05    0.49980E-04    0.10771E-04    0.65929E-04
   79.5695    0.50933E-05    0.49961E-04    0.10718E-04    0.65772E-04
   79.7715    0.50177E-05    0.49852E-04    0.10665E-04    0.65535E-04
   79.9734    0.49410E-05    0.49335E-04    0.10550E-04    0.64826E-04
   80.1754    0.48574E-05    0.48465E-04    0.10374E-04    0.63696E-04
   80.3773    0.47714E-05    0.47520E-04    0.10176E-04    0.62468E-04
   80.5793    0.46909E-05    0.46751E-04    0.99894E-05    0.61431E-04
   80.7812    0.46167E-05    0.46269E-04    0.98249E-05    0.60711E-04
   80.9832    0.45426E-05    0.46066E-04    0.96896E-05    0.60299E-04
   81.1852    0.44618E-05    0.46054E-04    0.95904E-05    0.60106E-04
   81.3871    0.43734E-05    0.46085E-04    0.95230E-05    0.59982E-04
   81.5891    0.42843E-05    0.46004E-04    0.94681E-05    0.59757E-04
   81.7910    0.42051E-05    0.45711E-04    0.94048E-05    0.59321E-04
   81.9930    0.41427E-05    0.45236E-04    0.93236E-05    0.58703E-04
   82.1949    0.40956E-05    0.44753E-04    0.92307E-05    0.58079E-04
   82.3969    0.40578E-05    0.44504E-04    0.91468E-05    0.57709E-04
   82.5988    0.40231E-05    0.44694E-04    0.91058E-05    0.57823E-04
   82.8008    0.39868E-05    0.45427E-04    0.91466E-05    0.58560E-04
   83.0027    0.39466E-05    0.46705E-04    0.92931E-05    0.59945E-04
   83.2047    0.39047E-05    0.48435E-04    0.95348E-05    0.61874E-04
   83.4066    0.38672E-05    0.50387E-04    0.98197E-05    0.64074E-04
   83.6086    0.38394E-05    0.52210E-04    0.10072E-04    0.66121E-04
   83.8105    0.38229E-05    0.53581E-04    0.10235E-04    0.67639E-04
   84.0125    0.38141E-05    0.54416E-04    0.10307E-04    0.68537E-04
   84.2145    0.38041E-05    0.54805E-04    0.10320E-04    0.68929E-04
   84.4164    0.37813E-05    0.54728E-04    0.10279E-04    0.68789E-04
   84.6184    0.37380E-05    0.53967E-04    0.10142E-04    0.67847E-04
   84.8203    0.36761E-05    0.52355E-04    0.98652E-05    0.65896E-04
   85.0223    0.36048E-05    0.49981E-04    0.94462E-05    0.63032E-04
   85.2242    0.35334E-05    0.47095E-04    0.89213E-05    0.59549E-04
   85.4262    0.34658E-05    0.43895E-04    0.83333E-05    0.55694E-04
   85.6281    0.34012E-05    0.40486E-04    0.77173E-05    0.51605E-04
   85.8301    0.33388E-05    0.36981E-04    0.71060E-05    0.47426E-04
   86.0320    0.32796E-05    0.33577E-04    0.65361E-05    0.43393E-04
   86.2340    0.32276E-05    0.30491E-04    0.60399E-05    0.39759E-04
   86.4359    0.31854E-05    0.27822E-04    0.56299E-05    0.36638E-04
   86.6379    0.31520E-05    0.25522E-04    0.52959E-05    0.33970E-04
   86.8398    0.31235E-05    0.23514E-04    0.50201E-05    0.31657E-04
   87.0418    0.30953E-05    0.21820E-04    0.47934E-05    0.29708E-04
   87.2438    0.30625E-05    0.20538E-04    0.46174E-05    0.28217E-04
   87.4457    0.30199E-05    0.19730E-04    0.44960E-05    0.27246E-04
   87.6477    0.29665E-05    0.19349E-04    0.44299E-05    0.26745E-04
   87.8496    0.29113E-05    0.19258E-04    0.44154E-05    0.26585E-04
   88.0516    0.28688E-05    0.19290E-04    0.44427E-05    0.26601E-04
   88.2535    0.28449E-05    0.19309E-04    0.44910E-05    0.26645E-04
   88.4555    0.28312E-05    0.19262E-04    0.45353E-05    0.26629E-04
   88.6574    0.28150E-05    0.19209E-04    0.45628E-05    0.26587E-04
   88.8594    0.27923E-05    0.19285E-04    0.45833E-05    0.26661E-04
   89.0613    0.27675E-05    0.19598E-04    0.46185E-05    0.26984E-04
   89.2633    0.27438E-05    0.20128E-04    0.46817E-05    0.27553E-04
   89.4652    0.27191E-05    0.20766E-04    0.47707E-05    0.28256E-04
   89.6672    0.26900E-05    0.21407E-04    0.48751E-05    0.28972E-04
   89.8691    0.26565E-05    0.21990E-04    0.49822E-05    0.29629E-04
   90.0711    0.26232E-05    0.22474E-04    0.50753E-05    0.30173E-04
   90.2730    0.25971E-05    0.22811E-04    0.51355E-05    0.30544E-04
   90.4750    0.25826E-05    0.22946E-04    0.51460E-05    0.30675E-04
   90.6770    0.25776E-05    0.22827E-04    0.50985E-05    0.30503E-04
   90.8789    0.25743E-05    0.22449E-04    0.50032E-05    0.30026E-04
   91.0809    0.25639E-05    0.21897E-04    0.48892E-05    0.29351E-04
   91.2828    0.25425E-05    0.21303E-04    0.47849E-05    0.28631E-04
   91.4848    0.25121E-05    0.20719E-04    0.46925E-05    0.27924E-04
   91.6867    0.24786E-05    0.20076E-04    0.45890E-05    0.27143E-04
   91.8887    0.24468E-05    0.19285E-04    0.44530E-05    0.26185E-04
   92.0906    0.24188E-05    0.18348E-04    0.42841E-05    0.25051E-04
   92.2926    0.23945E-05    0.17351E-04    0.40963E-05    0.23842E-04
   92.4945    0.23737E-05    0.16380E-04    0.39027E-05    0.22657E-04
   92.6965    0.23569E-05    0.15491E-04    0.37137E-05    0.21561E-04
   92.8984    0.23454E-05    0.14718E-04    0.35436E-05    0.20607E-04
   93.1004    0.23411E-05    0.14083E-04    0.34060E-05    0.19830E-04
   93.3023    0.23445E-05    0.13564E-04    0.33034E-05    0.19212E-04
   93.5043    0.23519E-05    0.13100E-04    0.32238E-05    0.18676E-04
   93.7063    0.23551E-05    0.12611E-04    0.31485E-05    0.18114E-04
   93.9082    0.23470E-05    0.12027E-04    0.30616E-05    0.17436E-04
   94.1102    0.23273E-05    0.11332E-04    0.29564E-05    0.16616E-04
   94.3121    0.23027E-05    0.10586E-04    0.28397E-05    0.15728E-04
   94.5141    0.22814E-05    0.99128E-05    0.27308E-05    0.14925E-04
   94.7160    0.22666E-05    0.94282E-05    0.26516E-05    0.14346E-04
   94.9180    0.22569E-05    0.91646E-05    0.26133E-05    0.14035E-04
   95.1199    0.22488E-05    0.90599E-05    0.26103E-05    0.13919E-04
   95.3219    0.22399E-05    0.89989E-05    0.26221E-05    0.13861E-04
   95.5238    0.22291E-05    0.88644E-05    0.26230E-05    0.13717E-04
   95.7258    0.22161E-05    0.85804E-05    0.25957E-05    0.13392E-04
   95.9277    0.22009E-05    0.81465E-05    0.25420E-05    0.12889E-04
   96.1297    0.21840E-05    0.76398E-05    0.24822E-05    0.12306E-04
   96.3316    0.21664E-05    0.71685E-05    0.24396E-05    0.11774E-04
   96.5336    0.21488E-05    0.68109E-05    0.24241E-05    0.11384E-04
   96.7355    0.21311E-05    0.65912E-05    0.24309E-05    0.11153E-04
   96.9375    0.21131E-05    0.64931E-05    0.24531E-05    0.11059E-04
   97.1395    0.20952E-05    0.64747E-05    0.24919E-05    0.11062E-04
   97.3414    0.20791E-05    0.64790E-05    0.25522E-05    0.11110E-04
   97.5434    0.20668E-05    0.64599E-05    0.26341E-05    0.11161E-04
   97.7453    0.20595E-05    0.64158E-05    0.27352E-05    0.11211E-04
   97.9473    0.20564E-05    0.63855E-05    0.28577E-05    0.11300E-04
   98.1492    0.20543E-05    0.64014E-05    0.30056E-05    0.11461E-04
   98.3512    0.20497E-05    0.64580E-05    0.31729E-05    0.11681E-04
   98.5531    0.20412E-05    0.65350E-05    0.33441E-05    0.11920E-04
   98.7551    0.20299E-05    0.66347E-05    0.35085E-05    0.12173E-04
   98.9570    0.20192E-05    0.67779E-05    0.36681E-05    0.12465E-04
   99.1590    0.20121E-05    0.69662E-05    0.38315E-05    0.12810E-04
   99.3609    0.20095E-05    0.71639E-05    0.40043E-05    0.13178E-04
   99.5629    0.20090E-05    0.73210E-05    0.41815E-05    0.13511E-04
   99.7648    0.20075E-05    0.74061E-05    0.43456E-05    0.13759E-04
   99.9668    0.20047E-05    0.74163E-05    0.44718E-05    0.13893E-04
  100.1688    0.20030E-05    0.73639E-05    0.45400E-05    0.13907E-04
  100.3707    0.20052E-05    0.72642E-05    0.45418E-05    0.13811E-04
  100.5727    0.20108E-05    0.71357E-05    0.44764E-05    0.13623E-04
  100.7746    0.20161E-05    0.70055E-05    0.43495E-05    0.13371E-04
  100.9766    0.20176E-05    0.69048E-05    0.41829E-05    0.13105E-04
  101.1785    0.20146E-05    0.68498E-05    0.40122E-05    0.12877E-04
  101.3805    0.20097E-05    0.68161E-05    0.38619E-05    0.12688E-04
  101.5824    0.20062E-05    0.67379E-05    0.37273E-05    0.12471E-04
  101.7844    0.20059E-05    0.65555E-05    0.35904E-05    0.12152E-04
  101.9863    0.20085E-05    0.62724E-05    0.34465E-05    0.11727E-04
  102.1883    0.20132E-05    0.59566E-05    0.33050E-05    0.11275E-04
  102.3902    0.20185E-05    0.56784E-05    0.31723E-05    0.10869E-04
  102.5922    0.20230E-05    0.54603E-05    0.30442E-05    0.10527E-04
  102.7941    0.20250E-05    0.52898E-05    0.29165E-05    0.10231E-04
  102.9961    0.20235E-05    0.51604E-05    0.27984E-05    0.99823E-05
  103.1981    0.20202E-05    0.50797E-05    0.27121E-05    0.98119E-05
  103.4000    0.20184E-05    0.50528E-05    0.26801E-05    0.97513E-05
  103.6020    0.20202E-05    0.50797E-05    0.27121E-05    0.98119E-05
  103.8039    0.20235E-05    0.51604E-05    0.27984E-05    0.99823E-05
  104.0059    0.20250E-05    0.52898E-05    0.29165E-05    0.10231E-04
  104.2078    0.20230E-05    0.54603E-05    0.30442E-05    0.10527E-04
  104.4098    0.20185E-05    0.56784E-05    0.31723E-05    0.10869E-04
  104.6117    0.20132E-05    0.59566E-05    0.33050E-05    0.11275E-04
  104.8137    0.20085E-05    0.62724E-05    0.34465E-05    0.11727E-04
  105.0156    0.20059E-05    0.65555E-05    0.35904E-05    0.12152E-04
  105.2176    0.20062E-05    0.67379E-05    0.37273E-05    0.12471E-04
  105.4195    0.20097E-05    0.68161E-05    0.38619E-05    0.12688E-04
  105.6215    0.20146E-05    0.68498E-05    0.40122E-05    0.12877E-04
  105.8234    0.20176E-05    0.69048E-05    0.41829E-05    0.13105E-04
  106.0254    0.20161E-05    0.70055E-05    0.43495E-05    0.13371E-04
  106.2273    0.20108E-05    0.71357E-05    0.44764E-05    0.13623E-04
  106.4293    0.20052E-05    0.72642E-05    0.45418E-05    0.13811E-04
  106.6313    0.20030E-05    0.73639E-05    0.45400E-05    0.13907E-04
  106.8332    0.20047E-05    0.74163E-05    0.44718E-05    0.13893E-04
  107.0352    0.20075E-05    0.74061E-05    0.43456E-05    0.13759E-04
  107.2371    0.20090E-05    0.73210E-05    0.41815E-05    0.13511E-04
  107.4391    0.20095E-05    0.71639E-05    0.40043E-05    0.13178E-04
  107.6410    0.20121E-05    0.69662E-05    0.38315E-05    0.12810E-04
  107.8430    0.20192E-05    0.67779E-05    0.36681E-05    0.12465E-04
  108.0449    0.20299E-05    0.66347E-05    0.35085E-05    0.12173E-04
  108.2469    0.20412E-05    0.65350E-05    0.33441E-05    0.11920E-04
  108.4488    0.20497E-05    0.64580E-05    0.31729E-05    0.11681E-04
  108.6508    0.20543E-05    0.64014E-05    0.30056E-05    0.11461E-04
  108.8527    0.20564E-05    0.63855E-05    0.28577E-05    0.11300E-04
  109.0547    0.20595E-05    0.64158E-05    0.27352E-05    0.11211E-04
  109.2566    0.20668E-05    0.64599E-05    0.26341E-05    0.11161E-04
  109.4586    0.20791E-05    0.64790E-05    0.25522E-05    0.11110E-04
  109.6606    0.20952E-05    0.64747E-05    0.24919E-05    0.11062E-04
  109.8625    0.21131E-05    0.64931E-05    0.24531E-05    0.11059E-04
  110.0645    0.21311E-05    0.65912E-05    0.24309E-05    0.11153E-04
  110.2664    0.21488E-05    0.68109E-05    0.24241E-05    0.11384E-04
  110.4684    0.21664E-05    0.71685E-05    0.24396E-05    0.11774E-04
  110.6703    0.21840E-05    0.76398E-05    0.24822E-05    0.12306E-04
  110.8723    0.22009E-05    0.81465E-05    0.25420E-05    0.12889E-04
  111.0742    0.22161E-05    0.85804E-05    0.25957E-05    0.13392E-04
  111.2762    0.22291E-05    0.88644E-05    0.26230E-05    0.13717E-04
  111.4781    0.22399E-05    0.89989E-05    0.26221E-05    0.13861E-04
  111.6801    0.22488E-05    0.90599E-05    0.26103E-05    0.13919E-04
  111.8820    0.22569E-05    0.91646E-05    0.26133E-05    0.14035E-04
  112.0840    0.22666E-05    0.94282E-05    0.26516E-05    0.14346E-04
  112.2859    0.22814E-05    0.99128E-05    0.27308E-05    0.14925E-04
  112.4879    0.23027E-05    0.10586E-04    0.28397E-05    0.15728E-04
  112.6898    0.23273E-05    0.11332E-04    0.29564E-05    0.16616E-04
  112.8918    0.23470E-05    0.12027E-04    0.30616E-05    0.17436E-04
  113.0938    0.23551E-05    0.12611E-04    0.31485E-05    0.18114E-04
  113.2957    0.23519E-05    0.13100E-04    0.32238E-05    0.18676E-04
  113.4977    0.23445E-05    0.13564E-04    0.33034E-05    0.19212E-04
  113.6996    0.23411E-05    0.14083E-04    0.34060E-05    0.19830E-04
  113.9016    0.23454E-05    0.14718E-04    0.35436E-05    0.20607E-04
  114.1035    0.23569E-05    0.15491E-04    0.37137E-05    0.21561E-04
  114.3055    0.23737E-05    0.16380E-04    0.39027E-05    0.22657E-04
  114.5074    0.23945E-05    0.17351E-04    0.40963E-05    0.23842E-04
  114.7094    0.24188E-05    0.18348E-04    0.42841E-05    0.25051E-04
  114.9113    0.24468E-05    0.19285E-04    0.44530E-05    0.26185E-04
  115.1133    0.24786E-05    0.20076E-04    0.45890E-05    0.27143E-04
  115.3152    0.25121E-05    0.20719E-04    0.46925E-05    0.27924E-04
  115.5172    0.25425E-05    0.21303E-04    0.47849E-05    0.28631E-04
  115.7191    0.25639E-05    0.21897E-04    0.48892E-05    0.29351E-04
  115.9211    0.25743E-05    0.22449E-04    0.50032E-05    0.30026E-04
  116.1231    0.25776E-05    0.22827E-04    0.50985E-05    0.30503E-04
  116.3250    0.25826E-05    0.22946E-04    0.51460E-05    0.30675E-04
  116.5270    0.25971E-05    0.22811E-04    0.51355E-05    0.30544E-04
  116.7289    0.26232E-05    0.22474E-04    0.50753E-05    0.30173E-04
  116.9309    0.26565E-05    0.21990E-04    0.49822E-05    0.29629E-04
  117.1328    0.26900E-05    0.21407E-04    0.48751E-05    0.28972E-04
  117.3348    0.27191E-05    0.20766E-04    0.47707E-05    0.28256E-04
  117.5367    0.27438E-05    0.20128E-04    0.46817E-05    0.27553E-04
  117.7387    0.27675E-05    0.19598E-04    0.46185E-05    0.26984E-04
  117.9406    0.27923E-05    0.19285E-04    0.45833E-05    0.26661E-04
  118.1426    0.28150E-05    0.19209E-04    0.45628E-05    0.26587E-04
  118.3445    0.28312E-05    0.19262E-04    0.45353E-05    0.26629E-04
  118.5465    0.28449E-05    0.19309E-04    0.44910E-05    0.26645E-04
  118.7484    0.28688E-05    0.19290E-04    0.44427E-05    0.26601E-04
  118.9504    0.29113E-05    0.19258E-04    0.44154E-05    0.26585E-04
  119.1524    0.29665E-05    0.19349E-04    0.44299E-05    0.26745E-04
  119.3543    0.30199E-05    0.19730E-04    0.44960E-05    0.27246E-04
  119.5563    0.30625E-05    0.20538E-04    0.46174E-05    0.28217E-04
  119.7582    0.30953E-05    0.21820E-04    0.47934E-05    0.29708E-04
  119.9602    0.31235E-05    0.23514E-04    0.50201E-05    0.31657E-04
  120.1621    0.31520E-05    0.25522E-04    0.52959E-05    0.33970E-04
  120.3641    0.31854E-05    0.27822E-04    0.56299E-05    0.36638E-04
  120.5660    0.32276E-05    0.30491E-04    0.60399E-05    0.39759E-04
  120.7680    0.32796E-05    0.33577E-04    0.65361E-05    0.43393E-04
  120.9699    0.33388E-05    0.36981E-04    0.71060E-05    0.47426E-04
  121.1719    0.34012E-05    0.40486E-04    0.77173E-05    0.51605E-04
  121.3738    0.34658E-05    0.43895E-04    0.83333E-05    0.55694E-04
  121.5758    0.35334E-05    0.47095E-04    0.89213E-05    0.59549E-04
  121.7777    0.36048E-05    0.49981E-04    0.94462E-05    0.63032E-04
  121.9797    0.36761E-05    0.52355E-04    0.98652E-05    0.65896E-04
  122.1816    0.37380E-05    0.53967E-04    0.10142E-04    0.67847E-04
  122.3836    0.37813E-05    0.54728E-04    0.10279E-04    0.68789E-04
  122.5855    0.38041E-05    0.54805E-04    0.10320E-04    0.68929E-04
  122.7875    0.38141E-05    0.54416E-04    0.10307E-04    0.68537E-04
  122.9895    0.38229E-05    0.53581E-04    0.10235E-04    0.67639E-04
  123.1914    0.38394E-05    0.52210E-04    0.10072E-04    0.66121E-04
  123.3934    0.38672E-05    0.50387E-04    0.98197E-05    0.64074E-04
  123.5953    0.39047E-05    0.48435E-04    0.95348E-05    0.61874E-04
  123.7973    0.39466E-05    0.46705E-04    0.92931E-05    0.59945E-04
  123.9992    0.39868E-05    0.45427E-04    0.91466E-05    0.58560E-04
  124.2012    0.40231E-05    0.44694E-04    0.91058E-05    0.57823E-04
  124.4031    0.40578E-05    0.44504E-04    0.91468E-05    0.57709E-04
  124.6051    0.40956E-05    0.44753E-04    0.92307E-05    0.58079E-04
  124.8070    0.41427E-05    0.45236E-04    0.93236E-05    0.58703E-04
  125.0090    0.42051E-05    0.45711E-04    0.94048E-05    0.59321E-04
  125.2109    0.42843E-05    0.46004E-04    0.94681E-05    0.59757E-04
  125.4129    0.43734E-05    0.46085E-04    0.95230E-05    0.59982E-04
  125.6148    0.44618E-05    0.46054E-04    0.95904E-05    0.60106E-04
  125.8168    0.45426E-05    0.46066E-04    0.96896E-05    0.60299E-04
  126.0188    0.46167E-05    0.46269E-04    0.98249E-05    0.60711E-04
  126.2207    0.46909E-05    0.46751E-04    0.99894E-05    0.61431E-04
  126.4227    0.47714E-05    0.47520E-04    0.10176E-04    0.62468E-04
  126.6246    0.48574E-05    0.48465E-04    0.10374E-04    0.63696E-04
  126.8266    0.49410E-05    0.49335E-04    0.10550E-04    0.64826E-04
  127.0285    0.50177E-05    0.49852E-04    0.10665E-04    0.65535E-04
  127.2305    0.50933E-05    0.49961E-04    0.10718E-04    0.65772E-04
  127.4324    0.51784E-05    0.49980E-04    0.10771E-04    0.65929E-04
  127.6344    0.52766E-05    0.50399E-04    0.10903E-04    0.66579E-04
  127.8363    0.53809E-05    0.51456E-04    0.11129E-04    0.67966E-04
  128.0383    0.54820E-05    0.52920E-04    0.11392E-04    0.69794E-04
  128.2402    0.55754E-05    0.54324E-04    0.11619E-04    0.71518E-04
  128.4422    0.56624E-05    0.55357E-04    0.11789E-04    0.72808E-04
  128.6441    0.57465E-05    0.56105E-04    0.11939E-04    0.73791E-04
  128.8461    0.58325E-05    0.56992E-04    0.12140E-04    0.74964E-04
  129.0480    0.59257E-05    0.58447E-04    0.12448E-04    0.76821E-04
  129.2500    0.60305E-05    0.60539E-04    0.12860E-04    0.79429E-04
  129.4520    0.61486E-05    0.62971E-04    0.13315E-04    0.82435E-04
  129.6539    0.62801E-05    0.65452E-04    0.13751E-04    0.85483E-04
  129.8559    0.64232E-05    0.67910E-04    0.14143E-04    0.88476E-04
  130.0578    0.65749E-05    0.70310E-04    0.14491E-04    0.91376E-04
  130.2598    0.67329E-05    0.72494E-04    0.14805E-04    0.94032E-04
  130.4617    0.68972E-05    0.74417E-04    0.15111E-04    0.96425E-04
  130.6637    0.70651E-05    0.76378E-04    0.15456E-04    0.98899E-04
  130.8656    0.72264E-05    0.78831E-04    0.15875E-04    0.10193E-03
  131.0676    0.73693E-05    0.82013E-04    0.16367E-04    0.10575E-03
  131.2695    0.74921E-05    0.85912E-04    0.16936E-04    0.11034E-03
  131.4715    0.76045E-05    0.90575E-04    0.17644E-04    0.11582E-03
  131.6734    0.77158E-05    0.96231E-04    0.18587E-04    0.12253E-03
  131.8754    0.78257E-05    0.10294E-03    0.19782E-04    0.13055E-03
  132.0773    0.79340E-05    0.11024E-03    0.21108E-04    0.13928E-03
  132.2793    0.80527E-05    0.11720E-03    0.22359E-04    0.14761E-03
  132.4813    0.82012E-05    0.12303E-03    0.23374E-04    0.15461E-03
  132.6832    0.83874E-05    0.12749E-03    0.24128E-04    0.16001E-03
  132.8852    0.86041E-05    0.13107E-03    0.24728E-04    0.16440E-03
  133.0871    0.88431E-05    0.13474E-03    0.25342E-04    0.16892E-03
  133.2891    0.90970E-05    0.13950E-03    0.26107E-04    0.17470E-03
  133.4910    0.93479E-05    0.14595E-03    0.27099E-04    0.18240E-03
  133.6930    0.95746E-05    0.15444E-03    0.28363E-04    0.19237E-03
  133.8949    0.97814E-05    0.16540E-03    0.29957E-04    0.20513E-03
  134.0969    0.10003E-04    0.17941E-03    0.31932E-04    0.22135E-03
  134.2988    0.10272E-04    0.19681E-03    0.34309E-04    0.24139E-03
  134.5008    0.10601E-04    0.21742E-03    0.37094E-04    0.26511E-03
  134.7027    0.10988E-04    0.24112E-03    0.40351E-04    0.29246E-03
  134.9047    0.11430E-04    0.26848E-03    0.44220E-04    0.32413E-03
  135.1066    0.11922E-04    0.30089E-03    0.48860E-04    0.36167E-03
  135.3086    0.12458E-04    0.33996E-03    0.54396E-04    0.40681E-03
  135.5106    0.13046E-04    0.38740E-03    0.61003E-04    0.46145E-03
  135.7125    0.13730E-04    0.44579E-03    0.69075E-04    0.52859E-03
  135.9145    0.14552E-04    0.51931E-03    0.79290E-04    0.61315E-03
  136.1164    0.15527E-04    0.61354E-03    0.92473E-04    0.72154E-03
  136.3184    0.16659E-04    0.73419E-03    0.10937E-03    0.86022E-03
  136.5203    0.17977E-04    0.88517E-03    0.13045E-03    0.10336E-02
  136.7223    0.19535E-04    0.10669E-02    0.15574E-03    0.12422E-02
  136.9242    0.21395E-04    0.12783E-02    0.18516E-03    0.14848E-02
  137.1262    0.23633E-04    0.15222E-02    0.21923E-03    0.17651E-02
  137.3281    0.26373E-04    0.18113E-02    0.25974E-03    0.20974E-02
  137.5301    0.29800E-04    0.21680E-02    0.30967E-03    0.25075E-02
  137.7320    0.34113E-04    0.26196E-02    0.37249E-03    0.30262E-02
  137.9340    0.39407E-04    0.31867E-02    0.45064E-03    0.36768E-02
  138.1359    0.45550E-04    0.38712E-02    0.54410E-03    0.44609E-02
  138.3379    0.52203E-04    0.46567E-02    0.65053E-03    0.53595E-02
  138.5399    0.59033E-04    0.55215E-02    0.76706E-03    0.63476E-02
  138.7418    0.65888E-04    0.64416E-02    0.89060E-03    0.73981E-02
  138.9438    0.72681E-04    0.73744E-02    0.10153E-02    0.84624E-02
  139.1457    0.79155E-04    0.82461E-02    0.11308E-02    0.94561E-02
  139.3477    0.84802E-04    0.89726E-02    0.12259E-02    0.10283E-01
  139.5496    0.89033E-04    0.94992E-02    0.12937E-02    0.10882E-01
  139.7516    0.91425E-04    0.98210E-02    0.13346E-02    0.11247E-01
  139.9535    0.91901E-04    0.99707E-02    0.13537E-02    0.11416E-01
  140.1555    0.90817E-04    0.99993E-02    0.13576E-02    0.11448E-01
  140.3574    0.88874E-04    0.99632E-02    0.13536E-02    0.11406E-01
  140.5594    0.86775E-04    0.98972E-02    0.13455E-02    0.11329E-01
  140.7613    0.84759E-04    0.97718E-02    0.13290E-02    0.11186E-01
  140.9633    0.82454E-04    0.94925E-02    0.12913E-02    0.10866E-01
  141.1652    0.79332E-04    0.89758E-02    0.12209E-02    0.10276E-01
  141.3672    0.75310E-04    0.82285E-02    0.11192E-02    0.94230E-02
  141.5692    0.70837E-04    0.73400E-02    0.99858E-03    0.84094E-02
  141.7711    0.66475E-04    0.64156E-02    0.87346E-03    0.73555E-02
  141.9731    0.62543E-04    0.55327E-02    0.75388E-03    0.63491E-02
  142.1750    0.59057E-04    0.47367E-02    0.64558E-03    0.54414E-02
  142.3770    0.55833E-04    0.40440E-02    0.55095E-03    0.46507E-02
  142.5789    0.52650E-04    0.34478E-02    0.46972E-03    0.39701E-02
  142.7809    0.49503E-04    0.29350E-02    0.40057E-03    0.33850E-02
  142.9828    0.46699E-04    0.24964E-02    0.34231E-03    0.28854E-02
  143.1848    0.44612E-04    0.21238E-02    0.29356E-03    0.24620E-02
  143.3867    0.43344E-04    0.18069E-02    0.25255E-03    0.21028E-02
  143.5887    0.42670E-04    0.15374E-02    0.21780E-03    0.17979E-02
  143.7906    0.42246E-04    0.13108E-02    0.18844E-03    0.15415E-02
  143.9926    0.41777E-04    0.11208E-02    0.16365E-03    0.13262E-02
  144.1945    0.41054E-04    0.95833E-03    0.14240E-03    0.11418E-02
  144.3965    0.40003E-04    0.81620E-03    0.12392E-03    0.98013E-03
  144.5984    0.38777E-04    0.69287E-03    0.10798E-03    0.83963E-03
  144.8004    0.37727E-04    0.58995E-03    0.94682E-04    0.72236E-03
  145.0023    0.37182E-04    0.50787E-03    0.84009E-04    0.62906E-03
  145.2043    0.37199E-04    0.44394E-03    0.75667E-04    0.55681E-03
  145.4062    0.37558E-04    0.39377E-03    0.69194E-04    0.50052E-03
  145.6082    0.37972E-04    0.35366E-03    0.64176E-04    0.45581E-03
  145.8102    0.38296E-04    0.32164E-03    0.60327E-04    0.42027E-03
  146.0121    0.38543E-04    0.29646E-03    0.57405E-04    0.39241E-03
  146.2141    0.38802E-04    0.27660E-03    0.55153E-04    0.37056E-03
  146.4160    0.39152E-04    0.26039E-03    0.53346E-04    0.35288E-03
  146.6180    0.39616E-04    0.24625E-03    0.51824E-04    0.33769E-03
  146.8199    0.40160E-04    0.23256E-03    0.50448E-04    0.32317E-03
  147.0219    0.40737E-04    0.21795E-03    0.49115E-04    0.30780E-03
  147.2238    0.41356E-04    0.20226E-03    0.47850E-04    0.29147E-03
  147.4258    0.42116E-04    0.18694E-03    0.46819E-04    0.27588E-03
  147.6277    0.43149E-04    0.17375E-03    0.46163E-04    0.26306E-03
  147.8297    0.44483E-04    0.16333E-03    0.45837E-04    0.25365E-03
  148.0316    0.46000E-04    0.15510E-03    0.45641E-04    0.24674E-03
  148.2336    0.47561E-04    0.14824E-03    0.45407E-04    0.24121E-03
  148.4355    0.49131E-04    0.14230E-03    0.45123E-04    0.23656E-03
  148.6375    0.50749E-04    0.13686E-03    0.44880E-04    0.23249E-03
  148.8395    0.52380E-04    0.13128E-03    0.44765E-04    0.22842E-03
  149.0414    0.53857E-04    0.12511E-03    0.44799E-04    0.22376E-03
  149.2434    0.54999E-04    0.11856E-03    0.44963E-04    0.21852E-03
  149.4453    0.55778E-04    0.11222E-03    0.45276E-04    0.21327E-03
  149.6473    0.56385E-04    0.10662E-03    0.45836E-04    0.20884E-03
  149.8492    0.57135E-04    0.10203E-03    0.46754E-04    0.20591E-03
  150.0512    0.58306E-04    0.98634E-04    0.48008E-04    0.20495E-03
  150.2531    0.59989E-04    0.96557E-04    0.49391E-04    0.20594E-03
  150.4551    0.62011E-04    0.95545E-04    0.50659E-04    0.20821E-03
  150.6570    0.64036E-04    0.94837E-04    0.51743E-04    0.21062E-03
  150.8590    0.65809E-04    0.93569E-04    0.52788E-04    0.21217E-03
  151.0609    0.67345E-04    0.91488E-04    0.53991E-04    0.21282E-03
  151.2629    0.68850E-04    0.89139E-04    0.55484E-04    0.21347E-03
  151.4648    0.70463E-04    0.87194E-04    0.57346E-04    0.21500E-03
  151.6668    0.72101E-04    0.85738E-04    0.59715E-04    0.21755E-03
  151.8688    0.73599E-04    0.84369E-04    0.62857E-04    0.22083E-03
  152.0707    0.74932E-04    0.82818E-04    0.67090E-04    0.22484E-03
  152.2727    0.76280E-04    0.81228E-04    0.72590E-04    0.23010E-03
  152.4746    0.77924E-04    0.79864E-04    0.79288E-04    0.23708E-03
  152.6766    0.80100E-04    0.78774E-04    0.86989E-04    0.24586E-03
  152.8785    0.82830E-04    0.77806E-04    0.95603E-04    0.25624E-03
  153.0805    0.85808E-04    0.76887E-04    0.10525E-03    0.26794E-03
  153.2824    0.88595E-04    0.76132E-04    0.11624E-03    0.28097E-03
  153.4844    0.91002E-04    0.75632E-04    0.12918E-03    0.29581E-03
  153.6863    0.93174E-04    0.75198E-04    0.14512E-03    0.31350E-03
  153.8883    0.95245E-04    0.74463E-04    0.16573E-03    0.33544E-03
  154.0902    0.97121E-04    0.73290E-04    0.19297E-03    0.36338E-03
  154.2922    0.98734E-04    0.71938E-04    0.22905E-03    0.39973E-03
  154.4941    0.10035E-03    0.70769E-04    0.27720E-03    0.44831E-03
  154.6961    0.10243E-03    0.69898E-04    0.34393E-03    0.51626E-03
  154.8981    0.10533E-03    0.69214E-04    0.44233E-03    0.61687E-03
  155.1000    0.10910E-03    0.68672E-04    0.59496E-03    0.77273E-03
  155.3020    0.11366E-03    0.68419E-04    0.83293E-03    0.10150E-02
  155.5039    0.11892E-03    0.68573E-04    0.11846E-02    0.13721E-02
  155.7059    0.12458E-03    0.68934E-04    0.16520E-02    0.18455E-02
  155.9078    0.13009E-03    0.69030E-04    0.21881E-02    0.23872E-02
  156.1098    0.13480E-03    0.68508E-04    0.26962E-02    0.28996E-02
  156.3117    0.13831E-03    0.67461E-04    0.30609E-02    0.32666E-02
  156.5137    0.14053E-03    0.66334E-04    0.31953E-02    0.34022E-02
  156.7156    0.14153E-03    0.65508E-04    0.30755E-02    0.32825E-02
  156.9176    0.14155E-03    0.64953E-04    0.27414E-02    0.29479E-02
  157.1195    0.14102E-03    0.64255E-04    0.22762E-02    0.24815E-02
  157.3215    0.14068E-03    0.63032E-04    0.17786E-02    0.19823E-02
  157.5234    0.14111E-03    0.61282E-04    0.13329E-02    0.15353E-02
  157.7254    0.14245E-03    0.59353E-04    0.98546E-03    0.11873E-02
  157.9274    0.14449E-03    0.57670E-04    0.73913E-03    0.94129E-03
  158.1293    0.14722E-03    0.56548E-04    0.57007E-03    0.77384E-03
  158.3313    0.15100E-03    0.56127E-04    0.45085E-03    0.65798E-03
  158.5332    0.15603E-03    0.56306E-04    0.36325E-03    0.57558E-03
  158.7352    0.16195E-03    0.56798E-04    0.29823E-03    0.51699E-03
  158.9371    0.16801E-03    0.57310E-04    0.25091E-03    0.47624E-03
  159.1391    0.17356E-03    0.57658E-04    0.21705E-03    0.44827E-03
  159.3410    0.17832E-03    0.57677E-04    0.19249E-03    0.42849E-03
  159.5430    0.18233E-03    0.57185E-04    0.17392E-03    0.41343E-03
  159.7449    0.18574E-03    0.56121E-04    0.15933E-03    0.40119E-03
  159.9469    0.18881E-03    0.54654E-04    0.14786E-03    0.39132E-03
  160.1488    0.19186E-03    0.53069E-04    0.13908E-03    0.38401E-03
  160.3508    0.19520E-03    0.51577E-04    0.13249E-03    0.37928E-03
  160.5527    0.19902E-03    0.50272E-04    0.12738E-03    0.37667E-03
  160.7547    0.20324E-03    0.49202E-04    0.12312E-03    0.37557E-03
  160.9566    0.20779E-03    0.48418E-04    0.11948E-03    0.37569E-03
  161.1586    0.21292E-03    0.47948E-04    0.11660E-03    0.37747E-03
  161.3605    0.21916E-03    0.47774E-04    0.11473E-03    0.38167E-03
  161.5625    0.22687E-03    0.47842E-04    0.11395E-03    0.38867E-03
  161.7645    0.23576E-03    0.48107E-04    0.11408E-03    0.39794E-03
  161.9664    0.24498E-03    0.48521E-04    0.11488E-03    0.40838E-03
  162.1684    0.25368E-03    0.48983E-04    0.11618E-03    0.41884E-03
  162.3703    0.26152E-03    0.49371E-04    0.11782E-03    0.42871E-03
  162.5723    0.26901E-03    0.49691E-04    0.11969E-03    0.43840E-03
  162.7742    0.27732E-03    0.50125E-04    0.12189E-03    0.44934E-03
  162.9762    0.28739E-03    0.50828E-04    0.12467E-03    0.46288E-03
  163.1781    0.29911E-03    0.51723E-04    0.12806E-03    0.47889E-03
  163.3801    0.31145E-03    0.52595E-04    0.13172E-03    0.49577E-03
  163.5820    0.32339E-03    0.53307E-04    0.13525E-03    0.51195E-03
  163.7840    0.33448E-03    0.53880E-04    0.13854E-03    0.52690E-03
  163.9859    0.34477E-03    0.54463E-04    0.14171E-03    0.54094E-03
  164.1879    0.35462E-03    0.55279E-04    0.14486E-03    0.55476E-03
  164.3898    0.36461E-03    0.56467E-04    0.14806E-03    0.56914E-03
  164.5918    0.37542E-03    0.57929E-04    0.15159E-03    0.58495E-03
  164.7938    0.38749E-03    0.59413E-04    0.15615E-03    0.60305E-03
  164.9957    0.40102E-03    0.60813E-04    0.16245E-03    0.62428E-03
  165.1977    0.41610E-03    0.62321E-04    0.17061E-03    0.64904E-03
  165.3996    0.43259E-03    0.64204E-04    0.17980E-03    0.67659E-03
  165.6016    0.45001E-03    0.66477E-04    0.18883E-03    0.70531E-03
  165.8035    0.46785E-03    0.68849E-04    0.19706E-03    0.73376E-03
  166.0055    0.48553E-03    0.70985E-04    0.20481E-03    0.76133E-03
  166.2074    0.50230E-03    0.72783E-04    0.21296E-03    0.78804E-03
  166.4094    0.51788E-03    0.74473E-04    0.22234E-03    0.81470E-03
  166.6113    0.53304E-03    0.76541E-04    0.23363E-03    0.84322E-03
  166.8133    0.54904E-03    0.79519E-04    0.24732E-03    0.87588E-03
  167.0152    0.56669E-03    0.83708E-04    0.26367E-03    0.91407E-03
  167.2172    0.58613E-03    0.89063E-04    0.28263E-03    0.95782E-03
  167.4191    0.60736E-03    0.95409E-04    0.30383E-03    0.10066E-02
  167.6211    0.63064E-03    0.10291E-03    0.32726E-03    0.10608E-02
  167.8231    0.65699E-03    0.11232E-03    0.35412E-03    0.11234E-02
  168.0250    0.68795E-03    0.12456E-03    0.38654E-03    0.11991E-02
  168.2270    0.72386E-03    0.13987E-03    0.42577E-03    0.12895E-02
  168.4289    0.76210E-03    0.15748E-03    0.47073E-03    0.13903E-02
  168.6309    0.79820E-03    0.17672E-03    0.51954E-03    0.14945E-02
  168.8328    0.82983E-03    0.19835E-03    0.57293E-03    0.16011E-02
  169.0348    0.85890E-03    0.22464E-03    0.63536E-03    0.17189E-02
  169.2367    0.88912E-03    0.25792E-03    0.71240E-03    0.18595E-02
  169.4387    0.92256E-03    0.29966E-03    0.80823E-03    0.20304E-02
  169.6406    0.96032E-03    0.35178E-03    0.92755E-03    0.22397E-02
  169.8426    0.10056E-02    0.41940E-03    0.10805E-02    0.25056E-02
  170.0445    0.10639E-02    0.51157E-03    0.12844E-02    0.28598E-02
  170.2465    0.11383E-02    0.63892E-03    0.15591E-02    0.33363E-02
  170.4484    0.12271E-02    0.80992E-03    0.19194E-02    0.39564E-02
  170.6504    0.13227E-02    0.10282E-02    0.23694E-02    0.47204E-02
  170.8524    0.14150E-02    0.12928E-02    0.29034E-02    0.56113E-02
  171.0543    0.14949E-02    0.16002E-02    0.35112E-02    0.66062E-02
  171.2563    0.15565E-02    0.19438E-02    0.41790E-02    0.76792E-02
  171.4582    0.15982E-02    0.23073E-02    0.48770E-02    0.87826E-02
  171.6602    0.16209E-02    0.26565E-02    0.55438E-02    0.98213E-02
  171.8621    0.16259E-02    0.29403E-02    0.60872E-02    0.10653E-01
  172.0641    0.16136E-02    0.31077E-02    0.64116E-02    0.11133E-01
  172.2660    0.15863E-02    0.31301E-02    0.64580E-02    0.11174E-01
  172.4680    0.15516E-02    0.30141E-02    0.62292E-02    0.10795E-01
  172.6699    0.15215E-02    0.27929E-02    0.57832E-02    0.10097E-01
  172.8719    0.15061E-02    0.25069E-02    0.52005E-02    0.92135E-02
  173.0738    0.15081E-02    0.21910E-02    0.45558E-02    0.82548E-02
  173.2758    0.15258E-02    0.18736E-02    0.39109E-02    0.73103E-02
  173.4777    0.15596E-02    0.15801E-02    0.33180E-02    0.64578E-02
  173.6797    0.16131E-02    0.13290E-02    0.28146E-02    0.57567E-02
  173.8817    0.16865E-02    0.11261E-02    0.24131E-02    0.52256E-02
  174.0836    0.17724E-02    0.96522E-03    0.21011E-02    0.48388E-02
  174.2856    0.18600E-02    0.83577E-03    0.18564E-02    0.45522E-02
  174.4875    0.19433E-02    0.72970E-03    0.16614E-02    0.43345E-02
  174.6895    0.20257E-02    0.64331E-03    0.15088E-02    0.41778E-02
  174.8914    0.21172E-02    0.57470E-03    0.13977E-02    0.40895E-02
  175.0934    0.22279E-02    0.52125E-03    0.13277E-02    0.40768E-02
  175.2953    0.23611E-02    0.47899E-03    0.12944E-02    0.41344E-02
  175.4973    0.25097E-02    0.44368E-03    0.12874E-02    0.42407E-02
  175.6992    0.26591E-02    0.41277E-03    0.12947E-02    0.43666E-02
  175.9012    0.27971E-02    0.38618E-03    0.13103E-02    0.44937E-02
  176.1031    0.29222E-02    0.36472E-03    0.13360E-02    0.46229E-02
  176.3051    0.30425E-02    0.34798E-03    0.13764E-02    0.47669E-02
  176.5070    0.31687E-02    0.33407E-03    0.14337E-02    0.49364E-02
  176.7090    0.33080E-02    0.32133E-03    0.15046E-02    0.51339E-02
  176.9109    0.34637E-02    0.30928E-03    0.15829E-02    0.53559E-02
  177.1129    0.36352E-02    0.29820E-03    0.16628E-02    0.55962E-02
  177.3148    0.38152E-02    0.28822E-03    0.17432E-02    0.58465E-02
  177.5168    0.39889E-02    0.27917E-03    0.18275E-02    0.60956E-02
  177.7188    0.41391E-02    0.27095E-03    0.19204E-02    0.63304E-02
  177.9207    0.42550E-02    0.26384E-03    0.20221E-02    0.65409E-02
  178.1227    0.43381E-02    0.25863E-03    0.21273E-02    0.67241E-02
  178.3246    0.44008E-02    0.25624E-03    0.22269E-02    0.68839E-02
  178.5266    0.44599E-02    0.25692E-03    0.23112E-02    0.70281E-02
  178.7285    0.45315E-02    0.25997E-03    0.23740E-02    0.71655E-02
  178.9305    0.46244E-02    0.26424E-03    0.24137E-02    0.73024E-02
  179.1324    0.47372E-02    0.26878E-03    0.24303E-02    0.74363E-02
  179.3344    0.48587E-02    0.27286E-03    0.24214E-02    0.75530E-02
  179.5363    0.49729E-02    0.27586E-03    0.23838E-02    0.76326E-02
  179.7383    0.50674E-02    0.27757E-03    0.23181E-02    0.76631E-02
  179.9402    0.51438E-02    0.27870E-03    0.22320E-02    0.76545E-02
  180.1422    0.52245E-02    0.28075E-03    0.21371E-02    0.76423E-02
  180.3441    0.53453E-02    0.28508E-03    0.20455E-02    0.76760E-02
  180.5461    0.55363E-02    0.29226E-03    0.19651E-02    0.77936E-02
  180.7480    0.58023E-02    0.30226E-03    0.18952E-02    0.79998E-02
  180.9500    0.61233E-02    0.31466E-03    0.18286E-02    0.82666E-02
  181.1520    0.64756E-02    0.32858E-03    0.17591E-02    0.85632E-02
  181.3539    0.68503E-02    0.34274E-03    0.16888E-02    0.88818E-02
  181.5559    0.72447E-02    0.35586E-03    0.16270E-02    0.92276E-02
  181.7578    0.76386E-02    0.36705E-03    0.15821E-02    0.95878E-02
  181.9598    0.79996E-02    0.37622E-03    0.15555E-02    0.99313E-02
  182.1617    0.83165E-02    0.38425E-03    0.15413E-02    0.10242E-01
  182.3637    0.86108E-02    0.39256E-03    0.15322E-02    0.10536E-01
  182.5656    0.89064E-02    0.40172E-03    0.15231E-02    0.10831E-01
  182.7676    0.91987E-02    0.41060E-03    0.15124E-02    0.11122E-01
  182.9695    0.94682E-02    0.41759E-03    0.15017E-02    0.11387E-01
  183.1715    0.97220E-02    0.42273E-03    0.14966E-02    0.11641E-01
  183.3734    0.10002E-01    0.42817E-03    0.15058E-02    0.11936E-01
  183.5754    0.10340E-01    0.43564E-03    0.15335E-02    0.12309E-01
  183.7773    0.10705E-01    0.44405E-03    0.15722E-02    0.12721E-01
  183.9793    0.11026E-01    0.45015E-03    0.16055E-02    0.13082E-01
  184.1813    0.11260E-01    0.45146E-03    0.16207E-02    0.13332E-01
  184.3832    0.11440E-01    0.44852E-03    0.16203E-02    0.13509E-01
  184.5852    0.11653E-01    0.44488E-03    0.16207E-02    0.13719E-01
  184.7871    0.11967E-01    0.44512E-03    0.16399E-02    0.14052E-01
  184.9891    0.12387E-01    0.45200E-03    0.16825E-02    0.14521E-01
  185.1910    0.12865E-01    0.46458E-03    0.17370E-02    0.15066E-01
  185.3930    0.13344E-01    0.47954E-03    0.17864E-02    0.15610E-01
  185.5949    0.13795E-01    0.49461E-03    0.18235E-02    0.16113E-01
  185.7969    0.14220E-01    0.51055E-03    0.18554E-02    0.16586E-01
  185.9988    0.14647E-01    0.52915E-03    0.18925E-02    0.17069E-01
  186.2008    0.15100E-01    0.54987E-03    0.19386E-02    0.17588E-01
  186.4027    0.15597E-01    0.56947E-03    0.19895E-02    0.18156E-01
  186.6047    0.16135E-01    0.58480E-03    0.20379E-02    0.18758E-01
  186.8066    0.16670E-01    0.59545E-03    0.20766E-02    0.19342E-01
  187.0086    0.17136E-01    0.60333E-03    0.21013E-02    0.19841E-01
  187.2106    0.17505E-01    0.61090E-03    0.21138E-02    0.20230E-01
  187.4125    0.17811E-01    0.62039E-03    0.21231E-02    0.20555E-01
  187.6145    0.18091E-01    0.63320E-03    0.21383E-02    0.20863E-01
  187.8164    0.18306E-01    0.64830E-03    0.21591E-02    0.21113E-01
  188.0184    0.18360E-01    0.66165E-03    0.21742E-02    0.21196E-01
  188.2203    0.18211E-01    0.66902E-03    0.21716E-02    0.21052E-01
  188.4223    0.17938E-01    0.67030E-03    0.21508E-02    0.20759E-01
  188.6242    0.17689E-01    0.67086E-03    0.21260E-02    0.20486E-01
  188.8262    0.17571E-01    0.67740E-03    0.21151E-02    0.20363E-01
  189.0281    0.17574E-01    0.69172E-03    0.21256E-02    0.20391E-01
  189.2301    0.17593E-01    0.70930E-03    0.21515E-02    0.20454E-01
  189.4320    0.17512E-01    0.72487E-03    0.21832E-02    0.20420E-01
  189.6340    0.17282E-01    0.73858E-03    0.22190E-02    0.20239E-01
  189.8359    0.16931E-01    0.75623E-03    0.22645E-02    0.19952E-01
  190.0379    0.16529E-01    0.78421E-03    0.23220E-02    0.19635E-01
  190.2399    0.16139E-01    0.82409E-03    0.23870E-02    0.19350E-01
  190.4418    0.15806E-01    0.87057E-03    0.24552E-02    0.19132E-01
  190.6438    0.15543E-01    0.91498E-03    0.25286E-02    0.18987E-01
  190.8457    0.15339E-01    0.95214E-03    0.26142E-02    0.18905E-01
  191.0477    0.15185E-01    0.98390E-03    0.27150E-02    0.18884E-01
  191.2496    0.15096E-01    0.10153E-02    0.28223E-02    0.18933E-01
  191.4516    0.15086E-01    0.10477E-02    0.29157E-02    0.19049E-01
  191.6535    0.15122E-01    0.10787E-02    0.29739E-02    0.19175E-01
  191.8555    0.15112E-01    0.11063E-02    0.29871E-02    0.19205E-01
  192.0574    0.14958E-01    0.11327E-02    0.29603E-02    0.19051E-01
  192.2594    0.14619E-01    0.11611E-02    0.29104E-02    0.18691E-01
  192.4613    0.14131E-01    0.11916E-02    0.28590E-02    0.18182E-01
  192.6633    0.13568E-01    0.12219E-02    0.28239E-02    0.17614E-01
  192.8652    0.13014E-01    0.12501E-02    0.28098E-02    0.17074E-01
  193.0672    0.12546E-01    0.12779E-02    0.28099E-02    0.16634E-01
  193.2691    0.12218E-01    0.13087E-02    0.28152E-02    0.16342E-01
  193.4711    0.12047E-01    0.13459E-02    0.28239E-02    0.16217E-01
  193.6730    0.12006E-01    0.13931E-02    0.28425E-02    0.16242E-01
  193.8750    0.12029E-01    0.14529E-02    0.28781E-02    0.16360E-01
  194.0770    0.12029E-01    0.15217E-02    0.29268E-02    0.16477E-01
  194.2789    0.11930E-01    0.15869E-02    0.29708E-02    0.16487E-01
  194.4809    0.11713E-01    0.16337E-02    0.29909E-02    0.16337E-01
  194.6828    0.11434E-01    0.16564E-02    0.29820E-02    0.16072E-01
  194.8848    0.11178E-01    0.16612E-02    0.29529E-02    0.15792E-01
  195.0867    0.11000E-01    0.16608E-02    0.29137E-02    0.15574E-01
  195.2887    0.10899E-01    0.16703E-02    0.28744E-02    0.15444E-01
  195.4906    0.10863E-01    0.17059E-02    0.28523E-02    0.15422E-01
  195.6926    0.10897E-01    0.17810E-02    0.28693E-02    0.15547E-01
  195.8945    0.11009E-01    0.18960E-02    0.29338E-02    0.15839E-01
  196.0965    0.11195E-01    0.20365E-02    0.30318E-02    0.16263E-01
  196.2984    0.11430E-01    0.21819E-02    0.31403E-02    0.16753E-01
  196.5004    0.11701E-01    0.23136E-02    0.32430E-02    0.17258E-01
  196.7023    0.11991E-01    0.24163E-02    0.33289E-02    0.17736E-01
  196.9043    0.12253E-01    0.24764E-02    0.33842E-02    0.18114E-01
  197.1063    0.12415E-01    0.24861E-02    0.33938E-02    0.18295E-01
  197.3082    0.12426E-01    0.24466E-02    0.33524E-02    0.18225E-01
  197.5102    0.12308E-01    0.23676E-02    0.32689E-02    0.17944E-01
  197.7121    0.12144E-01    0.22619E-02    0.31603E-02    0.17566E-01
  197.9141    0.12006E-01    0.21432E-02    0.30427E-02    0.17192E-01
  198.1160    0.11900E-01    0.20237E-02    0.29257E-02    0.16849E-01
  198.3180    0.11777E-01    0.19092E-02    0.28096E-02    0.16496E-01
  198.5199    0.11605E-01    0.17990E-02    0.26907E-02    0.16095E-01
  198.7219    0.11398E-01    0.16923E-02    0.25696E-02    0.15660E-01
  198.9238    0.11185E-01    0.15931E-02    0.24547E-02    0.15233E-01
  199.1258    0.10963E-01    0.15081E-02    0.23544E-02    0.14825E-01
  199.3277    0.10703E-01    0.14390E-02    0.22690E-02    0.14411E-01
  199.5297    0.10389E-01    0.13771E-02    0.21887E-02    0.13955E-01
  199.7316    0.10022E-01    0.13066E-02    0.20980E-02    0.13426E-01
  199.9336    0.95999E-02    0.12145E-02    0.19832E-02    0.12798E-01
  200.1356    0.91174E-02    0.10995E-02    0.18389E-02    0.12056E-01
  200.3375    0.85856E-02    0.97187E-03    0.16703E-02    0.11228E-01
  200.5395    0.80452E-02    0.84537E-03    0.14912E-02    0.10382E-01
  200.7414    0.75520E-02    0.73050E-03    0.13191E-02    0.96015E-02
  200.9434    0.71462E-02    0.63172E-03    0.11685E-02    0.89464E-02
  201.1453    0.68296E-02    0.54857E-03    0.10448E-02    0.84230E-02
  201.3473    0.65753E-02    0.47899E-03    0.94540E-03    0.79997E-02
  201.5492    0.63593E-02    0.42227E-03    0.86519E-03    0.76467E-02
  201.7512    0.61765E-02    0.37857E-03    0.80003E-03    0.73551E-02
  201.9531    0.60256E-02    0.34659E-03    0.74603E-03    0.71183E-02
  202.1551    0.58897E-02    0.32293E-03    0.69915E-03    0.69117E-02
  202.3570    0.57442E-02    0.30419E-03    0.65689E-03    0.67053E-02
  202.5590    0.55879E-02    0.28933E-03    0.62009E-03    0.64973E-02
  202.7609    0.54585E-02    0.28003E-03    0.59278E-03    0.63313E-02
  202.9629    0.54049E-02    0.27852E-03    0.57917E-03    0.62626E-02
  203.1649    0.54297E-02    0.28465E-03    0.57886E-03    0.62933E-02
  203.3668    0.54629E-02    0.29384E-03    0.58353E-03    0.63402E-02
  203.5688    0.53957E-02    0.29752E-03    0.57892E-03    0.62721E-02
  203.7707    0.51486E-02    0.28692E-03    0.55217E-03    0.59877E-02
  203.9727    0.47132E-02    0.25842E-03    0.49940E-03    0.54711E-02
  204.1746    0.41445E-02    0.21581E-03    0.42742E-03    0.47878E-02
  204.3766    0.35237E-02    0.16766E-03    0.34891E-03    0.40402E-02
  204.5785    0.29258E-02    0.12268E-03    0.27578E-03    0.33243E-02
  204.7805    0.24012E-02    0.86424E-04    0.21520E-03    0.27029E-02
  204.9824    0.19650E-02    0.60392E-04    0.16860E-03    0.21940E-02
  205.1844    0.16025E-02    0.43030E-04    0.13333E-03    0.17789E-02
  205.3863    0.12913E-02    0.31596E-04    0.10567E-03    0.14286E-02
  205.5883    0.10189E-02    0.23701E-04    0.82988E-04    0.11255E-02
  205.7902    0.78405E-03    0.17887E-04    0.64105E-04    0.86605E-03
  205.9922    0.59003E-03    0.13497E-04    0.48768E-04    0.65230E-03
  206.1942    0.43894E-03    0.10276E-04    0.36976E-04    0.48619E-03
  206.3961    0.32893E-03    0.80405E-05    0.28501E-04    0.36547E-03
  206.5981    0.25354E-03    0.65644E-05    0.22762E-04    0.28287E-03
